[gd_scene load_steps=4 format=3 uid="uid://csoac6af36fcs"]

[ext_resource type="PackedScene" uid="uid://cla6xogqxtqj4" path="res://Enemies/buggo1.tscn" id="1_u6tjr"]
[ext_resource type="Material" uid="uid://cyq4q8vu7i5f0" path="res://Enemies/Models/BugMat.tres" id="2_vfmqp"]

[sub_resource type="BoxShape3D" id="BoxShape3D_ln8xg"]
size = Vector3(1.80542, 1.40785, 0.592516)

[node name="Buggo2" instance=ExtResource("1_u6tjr")]
MinXpDrop = 6
MaxXpDrop = 10

[node name="Body" parent="Model" index="0"]
material_override = ExtResource("2_vfmqp")

[node name="LegL1" parent="Model/Body" index="0"]
transform = Transform3D(0.295105, -0.495578, -0.816894, 0.859203, 0.511635, -2.44482e-09, 0.417951, -0.701878, 0.576788, 0.705718, 0.685357, 0.727873)
material_override = ExtResource("2_vfmqp")

[node name="LegL2" parent="Model/Body" index="1"]
transform = Transform3D(0.413905, -0.695083, 0.587828, 0.859203, 0.511635, 0, -0.300753, 0.505063, 0.808986, 0.705718, 0.685357, -0.145014)
material_override = ExtResource("2_vfmqp")

[node name="LegL3" parent="Model/Body" index="2"]
transform = Transform3D(0.457948, -0.769046, -0.445927, 0.859202, 0.511635, 4.19074e-08, 0.228152, -0.383142, 0.895069, 0.705718, 0.685357, -1.0179)
material_override = ExtResource("2_vfmqp")

[node name="LegR1" parent="Model/Body" index="3"]
transform = Transform3D(-0.49765, 0.835724, -0.232184, 0.859204, 0.511633, 1.01535e-07, -0.118793, 0.199494, 0.972672, -0.705718, 0.685357, 0.727873)
material_override = ExtResource("2_vfmqp")

[node name="LegR2" parent="Model/Body" index="4"]
transform = Transform3D(-0.452585, 0.760043, 0.46637, 0.859205, 0.511632, 1.28031e-08, 0.23861, -0.400707, 0.88459, -0.705718, 0.685357, -0.145014)
material_override = ExtResource("2_vfmqp")

[node name="LegR3" parent="Model/Body" index="5"]
transform = Transform3D(-0.298979, 0.502086, -0.811493, 0.859204, 0.511632, 2.32579e-09, -0.415186, 0.697238, 0.584362, -0.705718, 0.685357, -1.0179)
material_override = ExtResource("2_vfmqp")

[node name="MandibleL" parent="Model/Body" index="6"]
transform = Transform3D(1, 0, 0, 0, 1, 0, 0, 0, 1, 0.376087, 1.05664, 2.15122)
visible = true

[node name="MandibleR" parent="Model/Body" index="7"]
transform = Transform3D(-1, 0, 0, 0, 1, 2.53518e-06, 0, -2.53518e-06, 1, -0.376087, 1.05664, 2.15122)
visible = true

[node name="CollisionShape3D" parent="Area3D" index="0"]
transform = Transform3D(1, 0, 0, 0, 1, 0, 0, 0, 1, -0.012018, 1.06013, 1.4742)
shape = SubResource("BoxShape3D_ln8xg")
